1 layer, 10 hidden cells, 50 epochs
[ 6.42805439e-01 -5.35817964e-01 -1.03293452e+00  4.45912923e-01
 -2.34722082e-01 -2.33309546e+00 -6.03887517e-01 -4.33633395e-01
  1.74820679e+00 -1.41196517e+00 -1.79446571e+00  5.60134139e-01
  4.95556806e-03  4.67086023e-01  1.62864383e+00 -4.32386593e-01
 -7.55901673e-01 -1.62356528e+00 -1.01075406e+00 -1.37738862e+00
  5.24560929e-01  8.83945692e-02  2.35353751e-01 -3.81644585e-01
 -1.63158444e-05 -2.03527821e+00  3.43684181e-01 -6.95065760e-02
  5.72569936e-01  7.47225394e-02 -4.63502388e-01 -2.35904620e-01
 -3.84291324e-01  2.13224657e-01  6.56746440e-01  1.62111124e-01
  2.31094582e+00  1.60518787e-01  1.77080354e+00  1.45289043e+00
  2.11116853e+00]